0 2 20
2 4 45
5 1 15
5 2 25
8 6 55
10 2 20
12 8 70
15 2 25
18 4 40
20 1 15
22 10 85
25 2 20
28 4 45
30 2 25
32 6 60
35 1 20
38 3 35
40 2 22
42 4 40
45 2 25
48 8 75
50 1 15
52 2 30
55 6 55
58 4 40
60 2 20
62 2 25
65 10 90
68 1 15
70 4 45
72 2 20
75 3 35
78 6 60
80 2 25
82 1 15
85 4 40
88 2 20
90 8 80
92 2 30
95 1 20
98 6 55
100 4 45
102 2 20
105 10 90
108 1 15
110 3 35
112 2 25
115 4 40
118 6 60
120 2 20
122 8 75
125 1 15
128 2 30
130 4 45
132 2 25
135 6 55
138 1 20
140 10 85
142 4 40
145 2 22
148 3 35
150 2 20
152 8 80
155 1 15
158 4 45
160 6 60
162 2 25
165 2 20
168 1 15
170 4 40
172 10 90
175 2 30
178 3 35
180 8 75
182 2 20
185 6 55
188 1 20
190 4 45
192 2 25
195 2 20
198 1 15
200 10 85
203 4 40
205 6 60
208 2 22
210 8 80
212 3 35
215 1 15
218 2 30
220 4 45
222 2 25
225 6 55
228 1 20
230 10 90
232 4 40
235 2 20
238 8 75
240 1 15
245 3 35
250 2 25